1.000000000000000000e+00
6.123233995736766036e-17
-4.999999999999997780e-01
-7.071067811865474617e-01
-8.090169943749473402e-01
-8.660254037844387076e-01
-9.009688679024190350e-01
-9.238795325112867385e-01
-9.396926207859083169e-01
-9.510565162951535312e-01
-9.594929736144973687e-01
-9.659258262890682012e-01
-9.709418174260520118e-01
-9.749279121818237304e-01
-9.781476007338056888e-01
-9.807852804032304306e-01
-9.829730996839017854e-01
-9.848077530122080203e-01
-9.863613034027223225e-01
-9.876883405951376593e-01
-9.888308262251285230e-01
-9.898214418809326842e-01
-9.906859460363306447e-01
-9.914448613738103822e-01
-9.921147013144777649e-01
-9.927088740980539727e-01
-9.932383577419430232e-01
-9.937122098932426040e-01
-9.941379571543595972e-01
-9.945218953682734009e-01
-9.948693233918950440e-01
-9.951847266721968177e-01
-9.954719225730845888e-01
-9.957341762950345787e-01
-9.959742939952390683e-01
-9.961946980917455452e-01
-9.963974885425265215e-01
-9.965844930066698470e-01
-9.967573081342099295e-01
-9.969173337331279638e-01
-9.970658011837404411e-01
-9.972037971811801293e-01
-9.973322836635516442e-01
-9.974521146102535152e-01
-9.975640502598241977e-01
-9.976687691905392619e-01
-9.977668786231531639e-01
-9.978589232386034791e-01
-9.979453927503363353e-01
-9.980267284282715590e-01
-9.981033287370441043e-01
-9.981755542233174960e-01
-9.982437317643214625e-01
-9.983081582712681756e-01
-9.983691039261356481e-01
-9.984268150178166046e-01
-9.984815164333161741e-01
-9.985334138511238189e-01
-9.985826956767619444e-01
-9.986295347545738332e-01
-9.986740898848305292e-01
-9.987165071710527586e-01
-9.987569212189223444e-01
-9.987954562051724050e-01
-9.988322268323265307e-01
-9.988673391830079629e-01
-9.989008914857114840e-01
-9.989329748023724198e-01
-9.989636736467275568e-01
-9.989930665413145894e-01
-9.990212265199736041e-01
-9.990482215818577982e-01
-9.990741151022299871e-01
-9.990989662046814157e-01
-9.991228300988583833e-01
-9.991457583873010195e-01
-9.991677993445828854e-01
-9.991889981715695868e-01
-9.992093972273018432e-01
-9.992290362407229010e-01
-9.992479525042300414e-01
-9.992661810508099984e-01
-9.992837548163314709e-01
-9.993007047883986083e-01
-9.993170601430229061e-01
-9.993328483702393905e-01
-9.993480953896769492e-01
-9.993628256569916379e-01
-9.993770622619781996e-01
-9.993908270190957621e-01
-9.994041405510704079e-01
-9.994170223661740238e-01
-9.994294909297180007e-01
-9.994415637302546118e-01
-9.994532573409260490e-01
-9.994645874763656845e-01
-9.994755690455149333e-01
-9.994862162006878936e-01
-9.994965423831850826e-01
-9.995065603657316000e-01
-9.995162822919880785e-01
